start=1405.175000
pause=yes
volume=106.000000
fullscreen=yes
aid=2
