start=1535.701000
pause=yes
volume=110.000000
fullscreen=yes
brightness=2
panscan=0.000000
aid=1
