start=690.607000
pause=yes
volume=94.000000
fullscreen=yes
aid=2
