start=1.419000
volume=96.000000
aid=2
sid=2
