start=1386.594000
volume=100.000000
fullscreen=yes
aid=2
