start=0.043000
pause=yes
volume=92.000000
aid=2
sid=2
