start=425.342000
pause=yes
volume=104.000000
aid=2
