start=0.710000
volume=104.000000
aid=2
sid=2
