start=1997.746000
volume=80.000000
fullscreen=yes
aid=2
