start=2106.688000
pause=yes
volume=80.000000
fullscreen=yes
aid=2
